# time [s] p_1 [Pa] p_2[Pa]
0.000  -0.2  -1.6
0.001  -0.3  -1.5
0.002  -0.2  -1.5
0.003  -0.3  -1.7
0.004  -0.1  -1.6
0.005  -0.3  -1.6
0.006  -0.2  -1.7
0.007  -0.1  -1.7
0.008  -0.2  -1.9
0.009  -0.1  -2.2
0.010  -0.0  -2.5
0.011  -0.2  -2.7
0.012  -0.3  -3.1
0.013  -0.3  -3.2
0.014  -0.3  -3.6
0.015  -0.4  -4.0
0.016  -0.6  -4.7
0.017  -0.6  -5.6
0.018  -0.7  -6.2
0.019  -0.6  -7.1
0.020  -0.7  -8.0
0.021  -0.7  -8.9
0.022  -0.8 -10.1
0.023  -0.9 -11.2
0.024  -0.6 -12.7
0.025  -0.6 -14.5
0.026  -0.8 -16.6
0.027  -1.1 -19.1
0.028  -1.1 -21.3
0.029  -0.8 -23.1
0.030  -0.9 -24.6
0.031  -1.2 -25.8
0.032  -1.3 -27.2
0.033  -1.4 -28.3
0.034  -1.2 -29.1
0.035  -1.5 -30.0
0.036  -1.9 -30.7
0.037  -2.3 -31.0
0.038  -2.7 -31.3
0.039  -2.9 -32.4
0.040  -2.7 -35.6
0.041  -2.5 -40.8
0.042  -2.4 -49.4
0.043  -2.6 -61.4
0.044  -3.3 -77.4
0.045  -5.1 -96.1
0.046  -7.6 -117.2
0.047 -11.3 -139.0
0.048 -14.4 -161.3
0.049 -18.2 -183.8
0.050 -21.0 -205.8
0.051 -23.1 -227.1
0.052 -24.8 -247.5
0.053 -25.3 -266.6
0.054 -25.9 -284.8
0.055 -25.5 -302.1
0.056 -24.8 -318.3
0.057 -24.1 -333.0
0.058 -22.8 -347.0
0.059 -21.8 -360.1
0.060 -20.7 -372.3
0.061 -19.8 -383.5
0.062 -19.1 -394.1
0.063 -18.3 -404.0
0.064 -17.4 -412.8
0.065 -16.5 -421.3
0.066 -15.6 -429.0
0.067 -15.2 -436.4
0.068 -14.2 -443.7
0.069 -13.7 -450.0
0.070 -13.3 -456.1
0.071 -12.8 -461.4
0.072 -12.4 -466.2
0.073 -11.8 -470.8
0.074 -11.4 -474.8
0.075 -11.0 -478.5
0.076 -10.5 -481.4
0.077 -10.6 -483.9
0.078 -10.3 -486.0
0.079  -9.9 -487.8
0.080  -9.6 -490.5
0.081  -9.5 -493.6
0.082  -9.3 -496.4
0.083  -9.0 -498.9
0.084  -8.7 -501.3
0.085  -8.9 -503.7
0.086  -8.4 -505.7
0.087  -8.3 -507.5
0.088  -8.2 -509.5
0.089  -8.3 -511.6
0.090  -8.4 -513.8
0.091  -8.5 -514.0
0.092  -9.0 -511.2
0.093  -9.6 -506.5
0.094  -9.9 -500.2
0.095 -10.2 -491.4
0.096  -9.9 -481.9
0.097  -9.6 -473.0
0.098 -10.2 -465.3
0.099 -10.6 -459.6
0.100 -11.5 -455.6
0.101 -13.5 -453.5
0.102 -16.0 -452.8
0.103 -18.8 -453.7
0.104 -21.6 -455.4
0.105 -24.5 -458.0
0.106 -26.9 -460.4
0.107 -29.2 -463.3
0.108 -30.1 -466.3
0.109 -30.6 -469.2
0.110 -31.2 -472.6
0.111 -31.2 -475.7
0.112 -31.0 -478.6
0.113 -30.6 -481.3
0.114 -30.0 -483.8
0.115 -29.8 -486.2
0.116 -29.3 -488.8
0.117 -28.5 -491.2
0.118 -28.2 -493.4
0.119 -27.6 -494.7
0.120 -26.8 -496.0
0.121 -26.3 -497.5
0.122 -25.7 -498.9
0.123 -25.5 -500.1
0.124 -25.0 -501.3
0.125 -24.8 -502.3
0.126 -24.6 -503.4
0.127 -24.2 -504.8
0.128 -23.7 -505.8
0.129 -23.3 -506.3
0.130 -23.0 -506.3
0.131 -22.3 -506.4
0.132 -22.2 -506.1
0.133 -22.0 -505.5
0.134 -21.8 -505.2
0.135 -21.7 -505.3
0.136 -21.6 -505.2
0.137 -21.0 -505.7
0.138 -21.1 -506.5
0.139 -21.1 -507.4
0.140 -21.1 -507.9
0.141 -21.1 -507.8
0.142 -21.1 -507.3
0.143 -21.3 -507.1
0.144 -21.5 -507.5
0.145 -21.4 -507.4
0.146 -21.7 -506.9
0.147 -22.0 -504.8
0.148 -22.4 -500.8
0.149 -22.8 -495.5
0.150 -22.5 -488.5
0.151 -22.8 -481.2
0.152 -22.8 -474.0
0.153 -22.8 -467.0
0.154 -23.6 -460.9
0.155 -24.3 -456.4
0.156 -25.4 -453.4
0.157 -27.2 -452.0
0.158 -29.5 -451.9
0.159 -32.0 -452.2
0.160 -34.8 -453.3
0.161 -37.1 -454.9
0.162 -39.3 -456.9
0.163 -40.8 -459.4
0.164 -42.0 -461.8
0.165 -43.3 -464.1
0.166 -43.7 -466.4
0.167 -44.0 -468.5
0.168 -44.2 -470.4
0.169 -43.8 -472.5
0.170 -43.7 -474.6
0.171 -43.6 -477.2
0.172 -43.3 -479.1
0.173 -43.1 -480.4
0.174 -42.4 -481.9
0.175 -42.1 -483.3
0.176 -41.8 -484.6
0.177 -41.4 -485.5
0.178 -41.0 -486.1
0.179 -41.0 -487.0
0.180 -40.6 -488.4
0.181 -40.7 -489.7
0.182 -40.1 -490.6
0.183 -39.9 -491.0
0.184 -39.9 -491.1
0.185 -39.6 -491.1
0.186 -39.4 -490.7
0.187 -39.2 -490.5
0.188 -38.8 -490.1
0.189 -38.5 -490.0
0.190 -38.3 -489.9
0.191 -38.3 -490.2
0.192 -38.2 -490.6
0.193 -38.7 -491.6
0.194 -38.4 -492.4
0.195 -38.5 -492.6
0.196 -38.8 -492.9
0.197 -38.8 -492.8
0.198 -38.9 -492.6
0.199 -39.1 -491.6
0.200 -39.4 -490.6
0.201 -39.5 -489.4
0.202 -39.8 -487.5
0.203 -40.2 -484.6
0.204 -40.4 -480.4
0.205 -40.5 -475.7
0.206 -41.0 -470.6
0.207 -41.1 -464.9
0.208 -41.1 -458.8
0.209 -41.3 -453.6
0.210 -42.1 -449.4
0.211 -42.8 -446.1
0.212 -44.1 -444.0
0.213 -46.1 -443.3
0.214 -48.5 -443.3
0.215 -50.8 -444.2
0.216 -52.7 -445.8
0.217 -54.7 -447.8
0.218 -56.4 -450.0
0.219 -58.0 -452.3
0.220 -59.2 -454.2
0.221 -60.1 -456.2
0.222 -60.4 -458.0
0.223 -60.9 -460.2
0.224 -61.1 -462.9
0.225 -61.6 -464.5
0.226 -61.2 -466.3
0.227 -61.6 -467.8
0.228 -60.9 -469.3
0.229 -60.6 -471.3
0.230 -60.6 -472.8
0.231 -60.4 -473.9
0.232 -60.3 -475.0
0.233 -60.1 -475.6
0.234 -60.0 -476.4
0.235 -59.8 -477.4
0.236 -59.7 -478.5
0.237 -58.8 -479.6
0.238 -59.2 -480.0
0.239 -58.9 -480.6
0.240 -58.8 -480.8
0.241 -58.5 -480.9
0.242 -58.4 -480.7
0.243 -58.4 -480.6
0.244 -58.5 -480.4
0.245 -58.6 -480.0
0.246 -58.4 -479.6
0.247 -58.9 -479.7
0.248 -58.9 -479.6
0.249 -58.7 -480.1
0.250 -58.9 -481.0
0.251 -59.2 -481.1
0.252 -59.2 -480.7
0.253 -59.7 -479.9
0.254 -59.9 -478.9
0.255 -59.9 -477.3
0.256 -60.0 -475.5
0.257 -60.4 -473.0
0.258 -60.6 -470.3
0.259 -61.1 -466.8
0.260 -61.4 -462.5
0.261 -61.5 -457.8
0.262 -61.5 -452.9
0.263 -61.7 -448.4
0.264 -61.7 -444.2
0.265 -62.0 -441.0
0.266 -62.9 -438.3
0.267 -64.0 -436.8
0.268 -65.9 -435.8
0.269 -67.3 -435.5
0.270 -69.3 -436.2
0.271 -71.2 -437.3
0.272 -73.4 -438.9
0.273 -74.9 -441.0
0.274 -76.1 -442.7
0.275 -77.3 -444.8
0.276 -78.3 -447.7
0.277 -79.1 -449.5
0.278 -80.2 -451.4
0.279 -80.7 -453.0
0.280 -80.8 -454.2
0.281 -80.8 -455.3
0.282 -81.0 -456.6
0.283 -81.3 -457.9
0.284 -81.6 -459.3
0.285 -81.1 -460.9
0.286 -80.3 -462.1
0.287 -79.7 -462.9
0.288 -79.9 -463.8
0.289 -79.6 -464.2
0.290 -79.6 -464.7
0.291 -79.5 -465.0
0.292 -79.1 -465.5
0.293 -78.6 -465.9
0.294 -78.6 -466.2
0.295 -78.8 -466.3
0.296 -78.7 -466.3
0.297 -79.1 -466.4
0.298 -79.1 -466.6
0.299 -79.1 -466.6
0.300 -79.5 -466.5
0.301 -79.8 -466.6
0.302 -79.9 -467.1
0.303 -79.9 -467.2
0.304 -80.2 -467.5
0.305 -80.2 -468.6
0.306 -80.6 -469.5
0.307 -80.6 -470.0
0.308 -80.9 -469.9
0.309 -81.0 -469.1
0.310 -81.0 -467.9
0.311 -81.3 -466.5
0.312 -81.9 -464.8
0.313 -82.2 -462.6
0.314 -82.7 -459.9
0.315 -82.8 -455.9
0.316 -83.0 -451.7
0.317 -83.1 -446.9
0.318 -82.6 -442.3
0.319 -83.1 -437.9
0.320 -83.6 -434.0
0.321 -84.3 -430.9
0.322 -85.2 -428.6
0.323 -86.1 -426.8
0.324 -87.3 -425.8
0.325 -88.9 -425.5
0.326 -90.2 -425.5
0.327 -91.7 -426.3
0.328 -93.2 -427.7
0.329 -94.4 -428.8
0.330 -95.5 -430.5
0.331 -97.3 -432.2
0.332 -98.3 -434.0
0.333 -99.3 -436.1
0.334 -100.0 -438.0
0.335 -100.1 -439.5
0.336 -100.5 -441.1
0.337 -100.8 -442.5
0.338 -100.7 -443.5
0.339 -100.4 -444.6
0.340 -100.3 -445.5
0.341 -99.8 -446.3
0.342 -99.6 -447.0
0.343 -99.3 -447.9
0.344 -98.9 -448.7
0.345 -98.9 -449.3
0.346 -98.7 -449.9
0.347 -98.7 -450.1
0.348 -98.6 -450.2
0.349 -98.3 -450.2
0.350 -98.1 -450.0
0.351 -98.2 -449.8
0.352 -98.5 -449.3
0.353 -98.7 -449.2
0.354 -99.1 -449.3
0.355 -99.3 -449.0
0.356 -99.3 -448.7
0.357 -99.8 -447.9
0.358 -99.8 -447.5
0.359 -99.8 -447.5
0.360 -99.9 -448.2
0.361 -100.3 -449.5
0.362 -100.4 -451.2
0.363 -100.8 -452.0
0.364 -100.8 -452.0
0.365 -100.9 -451.6
0.366 -101.0 -450.2
0.367 -101.3 -448.5
0.368 -101.8 -446.7
0.369 -102.4 -444.4
0.370 -103.2 -442.2
0.371 -103.2 -439.4
0.372 -103.5 -436.3
0.373 -103.9 -433.1
0.374 -103.7 -429.7
0.375 -103.9 -426.8
0.376 -104.0 -425.1
0.377 -104.4 -423.6
0.378 -105.6 -422.7
0.379 -106.4 -422.5
0.380 -107.6 -422.8
0.381 -108.7 -423.3
0.382 -109.8 -424.0
0.383 -111.1 -424.7
0.384 -112.5 -425.6
0.385 -113.6 -426.2
0.386 -115.0 -427.5
0.387 -116.2 -429.2
0.388 -117.0 -430.5
0.389 -117.5 -432.2
0.390 -118.4 -434.0
0.391 -118.7 -435.3
0.392 -118.3 -436.9
0.393 -118.6 -438.2
0.394 -118.6 -439.0
0.395 -118.1 -439.9
0.396 -117.7 -440.6
0.397 -117.0 -441.5
0.398 -116.6 -442.2
0.399 -116.4 -443.3
0.400 -116.1 -444.4
0.401 -116.4 -445.2
0.402 -116.4 -445.9
0.403 -116.4 -446.8
0.404 -116.1 -446.8
0.405 -116.3 -446.7
0.406 -116.2 -446.6
0.407 -116.4 -446.4
0.408 -116.4 -445.9
0.409 -116.5 -445.7
0.410 -116.4 -445.6
0.411 -116.3 -445.5
0.412 -117.1 -445.2
0.413 -117.1 -444.6
0.414 -116.9 -444.3
0.415 -117.2 -444.4
0.416 -116.9 -444.7
0.417 -117.5 -445.5
0.418 -117.4 -446.2
0.419 -117.5 -446.7
0.420 -117.8 -446.6
0.421 -117.9 -446.2
0.422 -118.3 -445.0
0.423 -118.7 -443.2
0.424 -118.9 -441.0
0.425 -119.2 -438.1
0.426 -119.1 -435.3
0.427 -119.6 -432.3
0.428 -119.5 -429.4
0.429 -120.1 -426.3
0.430 -120.4 -423.2
0.431 -120.6 -420.9
0.432 -120.9 -418.8
0.433 -121.4 -417.4
0.434 -122.6 -417.0
0.435 -123.5 -417.0
0.436 -124.5 -417.4
0.437 -125.2 -418.3
0.438 -126.3 -419.5
0.439 -127.0 -421.0
0.440 -127.8 -422.4
0.441 -128.7 -423.8
0.442 -129.7 -424.7
0.443 -130.8 -425.1
0.444 -131.9 -425.6
0.445 -132.1 -426.4
0.446 -132.8 -427.4
0.447 -132.8 -429.3
0.448 -132.4 -429.6
0.449 -132.4 -430.6
0.450 -131.6 -430.6
0.451 -131.6 -430.3
0.452 -131.4 -429.6
0.453 -131.2 -428.9
0.454 -130.9 -428.5
0.455 -130.6 -428.4
0.456 -130.1 -428.4
0.457 -129.7 -428.8
0.458 -129.9 -429.1
0.459 -129.8 -428.8
0.460 -129.7 -428.0
0.461 -129.8 -427.2
0.462 -129.6 -426.6
0.463 -129.5 -426.0
0.464 -129.6 -425.6
0.465 -129.2 -424.9
0.466 -129.5 -424.2
0.467 -129.5 -423.8
0.468 -130.0 -423.3
0.469 -129.9 -423.4
0.470 -129.8 -423.7
0.471 -129.7 -423.6
0.472 -129.7 -423.7
0.473 -129.9 -424.0
0.474 -130.4 -424.7
0.475 -130.9 -425.5
0.476 -131.2 -425.5
0.477 -131.5 -424.9
0.478 -131.5 -423.5
0.479 -131.9 -422.0
0.480 -132.1 -419.9
0.481 -132.5 -418.2
0.482 -132.6 -416.3
0.483 -132.8 -414.6
0.484 -132.7 -413.0
0.485 -133.0 -411.2
0.486 -133.1 -410.1
0.487 -133.7 -409.1
0.488 -134.6 -408.1
0.489 -134.9 -407.3
0.490 -135.1 -406.7
0.491 -135.8 -405.7
0.492 -136.4 -405.4
0.493 -136.9 -405.6
0.494 -137.7 -406.0
0.495 -138.2 -407.0
0.496 -139.0 -408.1
0.497 -139.5 -409.3
0.498 -140.1 -410.7
0.499 -141.2 -411.7
0.500 -142.1 -413.0
0.501 -142.7 -414.0
0.502 -143.2 -415.1
0.503 -143.3 -416.3
0.504 -142.9 -417.3
0.505 -142.3 -417.8
0.506 -142.2 -417.8
0.507 -142.3 -417.2
0.508 -141.8 -416.7
0.509 -141.5 -416.3
0.510 -140.8 -416.0
0.511 -140.3 -415.5
0.512 -140.5 -415.5
0.513 -140.2 -415.6
0.514 -140.1 -415.5
0.515 -139.6 -415.4
0.516 -139.3 -415.2
0.517 -139.3 -415.0
0.518 -139.2 -415.7
0.519 -139.5 -416.0
0.520 -139.5 -416.3
0.521 -139.3 -416.6
0.522 -139.6 -417.0
0.523 -139.6 -417.3
0.524 -139.5 -418.2
0.525 -138.9 -418.1
0.526 -138.7 -418.0
0.527 -138.9 -418.4
0.528 -138.9 -418.3
0.529 -138.9 -418.5
0.530 -139.2 -418.9
0.531 -140.0 -418.9
0.532 -140.2 -418.4
0.533 -140.6 -417.0
0.534 -140.9 -415.3
0.535 -140.9 -413.5
0.536 -141.3 -411.2
0.537 -141.5 -408.8
0.538 -141.8 -406.2
0.539 -142.2 -404.2
0.540 -142.3 -402.6
0.541 -142.7 -401.3
0.542 -142.8 -400.3
0.543 -143.0 -399.5
0.544 -143.0 -399.2
0.545 -143.3 -398.5
0.546 -143.6 -398.0
0.547 -143.8 -397.9
0.548 -143.7 -397.8
0.549 -144.3 -397.8
0.550 -145.0 -397.8
0.551 -145.7 -397.8
0.552 -146.5 -398.3
0.553 -146.7 -399.3
0.554 -147.6 -399.7
0.555 -148.3 -400.2
0.556 -148.7 -401.0
0.557 -149.3 -401.7
0.558 -149.6 -402.4
0.559 -149.7 -403.4
0.560 -149.8 -404.3
0.561 -149.6 -405.3
0.562 -149.5 -406.2
0.563 -148.5 -407.3
0.564 -148.0 -407.9
0.565 -147.9 -408.7
0.566 -147.7 -409.8
0.567 -147.2 -411.0
0.568 -147.7 -412.0
0.569 -147.3 -413.0
0.570 -147.3 -413.7
0.571 -147.0 -414.1
0.572 -146.6 -413.9
0.573 -146.3 -413.5
0.574 -146.0 -412.9
0.575 -145.8 -412.3
0.576 -145.9 -412.1
0.577 -146.3 -412.2
0.578 -145.7 -413.0
0.579 -145.2 -413.7
0.580 -145.4 -414.7
0.581 -145.0 -415.3
0.582 -145.1 -415.7
0.583 -144.8 -416.3
0.584 -144.7 -416.5
0.585 -144.9 -416.9
0.586 -144.8 -417.4
0.587 -144.9 -417.9
0.588 -145.0 -418.2
0.589 -145.2 -418.1
0.590 -145.4 -417.0
0.591 -146.3 -415.2
0.592 -145.8 -413.2
0.593 -146.1 -410.8
0.594 -146.1 -408.3
0.595 -146.5 -406.8
0.596 -146.4 -405.6
0.597 -146.6 -404.5
0.598 -146.6 -403.7
0.599 -147.0 -403.2
0.600 -147.5 -402.5
0.601 -147.5 -401.3
0.602 -147.4 -400.3
0.603 -147.7 -399.4
0.604 -148.2 -399.1
0.605 -148.6 -399.6
0.606 -149.1 -400.1
0.607 -149.7 -400.8
0.608 -150.6 -401.2
0.609 -151.0 -401.3
0.610 -151.4 -401.6
0.611 -151.7 -402.3
0.612 -152.1 -402.9
0.613 -152.1 -403.6
0.614 -153.1 -404.2
0.615 -152.9 -404.6
0.616 -153.2 -405.1
0.617 -152.3 -405.6
0.618 -151.3 -405.6
0.619 -151.0 -405.9
0.620 -150.4 -406.3
0.621 -150.3 -406.2
0.622 -150.1 -406.5
0.623 -150.2 -406.9
0.624 -150.0 -407.5
0.625 -150.0 -408.1
0.626 -149.7 -408.7
0.627 -149.4 -409.3
0.628 -148.6 -409.8
0.629 -148.2 -410.4
0.630 -148.3 -410.7
0.631 -148.2 -411.4
0.632 -148.3 -411.4
0.633 -148.3 -411.7
0.634 -148.6 -412.3
0.635 -148.6 -412.9
0.636 -147.9 -413.6
0.637 -147.3 -414.2
0.638 -147.4 -414.7
0.639 -147.0 -414.9
0.640 -146.9 -415.0
0.641 -146.9 -414.8
0.642 -146.8 -414.9
0.643 -147.1 -414.7
0.644 -147.9 -414.3
0.645 -148.5 -413.6
0.646 -148.4 -412.7
0.647 -149.2 -411.7
0.648 -149.8 -411.0
0.649 -149.7 -410.2
0.650 -149.8 -409.3
0.651 -150.0 -408.0
0.652 -150.1 -407.3
0.653 -150.4 -407.0
0.654 -150.4 -407.0
0.655 -150.6 -407.0
0.656 -150.5 -406.8
0.657 -150.5 -406.8
0.658 -150.6 -405.9
0.659 -150.3 -405.1
0.660 -150.5 -404.5
0.661 -150.8 -404.4
0.662 -151.2 -404.2
0.663 -152.0 -404.0
0.664 -153.0 -403.7
0.665 -153.8 -403.8
0.666 -153.8 -403.7
0.667 -154.4 -403.6
0.668 -154.2 -403.3
0.669 -154.5 -403.2
0.670 -154.3 -403.1
0.671 -154.4 -402.6
0.672 -154.4 -402.7
0.673 -154.0 -402.5
0.674 -153.5 -402.5
0.675 -153.0 -402.1
0.676 -152.5 -401.4
0.677 -152.2 -400.5
0.678 -152.4 -400.1
0.679 -152.3 -399.6
0.680 -152.5 -399.3
0.681 -152.3 -399.2
0.682 -152.0 -399.5
0.683 -151.7 -400.6
0.684 -151.7 -401.6
0.685 -151.4 -402.2
0.686 -151.2 -402.9
0.687 -151.4 -403.5
0.688 -151.3 -404.2
0.689 -151.2 -405.2
0.690 -150.6 -405.9
0.691 -150.0 -406.7
0.692 -150.2 -407.3
0.693 -150.2 -407.3
0.694 -149.9 -407.2
0.695 -149.4 -407.0
0.696 -149.1 -406.6
0.697 -148.9 -406.4
0.698 -149.3 -406.2
0.699 -149.4 -405.6
0.700 -149.8 -404.8
0.701 -149.8 -403.6
0.702 -150.4 -402.2
0.703 -150.6 -400.5
0.704 -150.7 -399.2
0.705 -150.8 -398.1
0.706 -150.9 -396.9
0.707 -151.1 -395.9
0.708 -151.4 -395.1
0.709 -151.4 -394.4
0.710 -151.6 -394.6
0.711 -151.3 -394.7
0.712 -151.4 -394.7
0.713 -150.9 -395.8
0.714 -151.6 -396.9
0.715 -151.5 -398.3
0.716 -151.8 -399.9
0.717 -152.5 -401.2
0.718 -152.5 -402.0
0.719 -153.7 -402.5
0.720 -154.2 -403.2
0.721 -155.2 -403.5
0.722 -155.3 -403.7
0.723 -155.8 -403.8
0.724 -155.6 -403.5
0.725 -155.5 -403.0
0.726 -155.4 -402.7
0.727 -155.1 -402.5
0.728 -155.0 -402.3
0.729 -154.6 -402.4
0.730 -154.5 -402.5
0.731 -153.9 -402.1
0.732 -153.0 -401.9
0.733 -152.8 -401.1
0.734 -152.3 -400.5
0.735 -152.5 -399.7
0.736 -152.6 -398.9
0.737 -152.6 -398.2
0.738 -152.7 -398.2
0.739 -152.8 -398.5
0.740 -152.5 -398.7
0.741 -152.7 -399.4
0.742 -153.1 -400.1
0.743 -153.1 -400.9
0.744 -153.2 -401.6
0.745 -152.9 -402.4
0.746 -152.8 -402.9
0.747 -152.2 -403.3
0.748 -151.9 -403.7
0.749 -151.4 -403.0
0.750 -150.9 -402.5
0.751 -151.0 -402.0
0.752 -150.6 -402.2
0.753 -150.8 -402.5
0.754 -151.1 -402.5
0.755 -151.4 -403.0
0.756 -151.7 -402.8
0.757 -152.2 -402.3
0.758 -152.0 -401.8
0.759 -152.0 -400.9
0.760 -152.3 -400.1
0.761 -152.2 -399.2
0.762 -152.2 -397.7
0.763 -152.6 -396.8
0.764 -152.4 -395.6
0.765 -152.9 -394.4
0.766 -153.3 -393.6
0.767 -152.9 -393.1
0.768 -152.1 -393.1
0.769 -152.1 -393.9
0.770 -151.9 -395.2
0.771 -152.0 -396.4
0.772 -152.6 -397.7
0.773 -153.4 -399.5
0.774 -153.9 -400.2
0.775 -154.5 -401.4
0.776 -155.0 -402.4
0.777 -155.4 -403.2
0.778 -155.5 -404.2
0.779 -156.0 -404.8
0.780 -156.5 -405.0
0.781 -156.7 -405.1
0.782 -156.6 -405.1
0.783 -156.5 -405.5
0.784 -156.1 -405.5
0.785 -155.9 -405.1
0.786 -155.6 -404.9
0.787 -154.9 -404.3
0.788 -154.2 -404.1
0.789 -153.7 -403.4
0.790 -153.5 -402.8
0.791 -153.0 -402.4
0.792 -153.3 -402.0
0.793 -152.8 -401.1
0.794 -152.8 -400.3
0.795 -153.2 -399.9
0.796 -153.1 -399.7
0.797 -153.2 -399.6
0.798 -153.4 -399.9
0.799 -153.7 -400.7
0.800 -153.9 -401.4
0.801 -153.7 -402.8
0.802 -153.4 -403.2
0.803 -153.1 -403.6
0.804 -152.8 -403.5
0.805 -152.5 -403.1
0.806 -152.3 -402.7
0.807 -152.0 -401.9
0.808 -151.7 -401.4
0.809 -152.0 -401.3
0.810 -152.5 -401.7
0.811 -152.9 -401.5
0.812 -152.9 -401.7
0.813 -153.1 -402.5
0.814 -152.9 -402.5
0.815 -153.4 -402.8
0.816 -153.7 -403.0
0.817 -153.7 -402.9
0.818 -153.8 -402.4
0.819 -153.9 -401.7
0.820 -153.8 -400.8
0.821 -153.7 -400.3
0.822 -153.7 -399.8
0.823 -153.7 -399.6
0.824 -153.3 -399.7
0.825 -153.1 -400.1
0.826 -152.8 -400.6
0.827 -152.6 -401.1
0.828 -152.5 -401.7
0.829 -152.8 -402.2
0.830 -152.8 -402.5
0.831 -153.3 -402.5
0.832 -153.7 -402.0
0.833 -154.4 -401.4
0.834 -155.1 -400.9
0.835 -155.4 -400.6
0.836 -155.7 -400.3
0.837 -155.8 -400.1
0.838 -155.6 -399.8
0.839 -155.2 -399.9
0.840 -154.7 -399.3
0.841 -154.5 -398.4
0.842 -154.5 -397.2
0.843 -154.2 -396.1
0.844 -154.4 -395.0
0.845 -154.5 -394.3
0.846 -154.2 -394.2
0.847 -154.0 -394.8
0.848 -153.5 -395.5
0.849 -153.3 -395.9
0.850 -153.3 -395.6
0.851 -153.1 -395.0
0.852 -153.2 -394.8
0.853 -153.1 -394.6
0.854 -152.7 -395.2
0.855 -152.3 -396.1
0.856 -152.1 -396.9
0.857 -151.8 -397.7
0.858 -151.9 -397.9
0.859 -151.9 -397.8
0.860 -152.0 -397.5
0.861 -152.0 -396.9
0.862 -152.1 -396.4
0.863 -152.1 -396.1
0.864 -152.7 -395.8
0.865 -152.9 -396.2
0.866 -153.3 -395.8
0.867 -154.0 -395.3
0.868 -154.7 -394.1
0.869 -154.8 -393.2
0.870 -155.0 -392.1
0.871 -155.2 -391.1
0.872 -155.0 -389.9
0.873 -154.7 -389.3
0.874 -154.6 -388.5
0.875 -154.5 -388.0
0.876 -154.2 -387.4
0.877 -153.9 -387.2
0.878 -153.4 -387.1
0.879 -153.2 -387.4
0.880 -153.0 -387.3
0.881 -153.2 -388.4
0.882 -153.4 -389.6
0.883 -153.4 -390.9
0.884 -153.5 -391.9
0.885 -153.9 -393.0
0.886 -153.9 -394.2
0.887 -153.9 -394.8
0.888 -154.2 -395.4
0.889 -154.3 -395.8
0.890 -154.6 -396.0
0.891 -154.7 -396.6
0.892 -155.1 -396.0
0.893 -154.8 -395.8
0.894 -155.0 -395.4
0.895 -155.2 -395.2
0.896 -155.2 -395.1
0.897 -155.1 -395.2
0.898 -154.9 -395.2
0.899 -155.1 -394.9
0.900 -155.1 -395.1
0.901 -155.1 -395.2
0.902 -155.0 -395.7
0.903 -154.8 -396.0
0.904 -154.5 -396.2
0.905 -154.7 -396.3
0.906 -154.7 -396.4
0.907 -155.1 -396.4
0.908 -154.5 -397.6
0.909 -154.6 -398.2
0.910 -154.0 -399.0
0.911 -153.2 -400.0
0.912 -152.7 -400.8
0.913 -152.3 -401.2
0.914 -152.2 -401.3
0.915 -152.5 -401.0
0.916 -152.8 -400.3
0.917 -152.8 -399.9
0.918 -152.6 -399.3
0.919 -152.5 -399.6
0.920 -153.0 -399.7
0.921 -153.4 -400.8
0.922 -153.9 -400.8
0.923 -154.5 -400.8
0.924 -154.8 -400.2
0.925 -154.9 -399.4
0.926 -155.0 -397.9
0.927 -155.1 -396.4
0.928 -154.6 -394.9
0.929 -154.8 -393.7
0.930 -154.5 -393.0
0.931 -154.4 -392.6
0.932 -154.1 -391.9
0.933 -153.8 -392.0
0.934 -153.7 -392.1
0.935 -153.5 -392.7
0.936 -153.1 -393.3
0.937 -152.8 -393.8
0.938 -153.2 -394.4
0.939 -153.4 -395.2
0.940 -153.5 -395.5
0.941 -153.4 -395.6
0.942 -153.1 -395.9
0.943 -153.6 -396.4
0.944 -154.0 -396.4
0.945 -154.5 -396.2
0.946 -155.1 -395.8
0.947 -155.1 -395.0
0.948 -155.2 -393.8
0.949 -155.5 -392.4
0.950 -155.2 -391.2
0.951 -155.2 -389.6
0.952 -155.1 -388.0
0.953 -154.9 -386.1
0.954 -154.7 -384.6
0.955 -154.2 -383.6
0.956 -154.3 -383.1
0.957 -154.3 -383.0
0.958 -154.0 -383.3
0.959 -154.5 -384.0
0.960 -154.8 -384.2
0.961 -154.9 -384.6
0.962 -155.1 -385.2
0.963 -155.2 -386.0
0.964 -155.3 -386.7
0.965 -155.2 -387.4
0.966 -154.9 -388.1
0.967 -154.8 -388.8
0.968 -154.2 -389.6
0.969 -154.1 -390.1
0.970 -153.9 -390.0
0.971 -153.7 -389.4
0.972 -153.9 -388.7
0.973 -153.9 -387.7
0.974 -153.9 -387.1
0.975 -153.8 -386.9
0.976 -153.9 -387.2
0.977 -154.0 -387.8
0.978 -154.2 -388.4
0.979 -154.3 -388.4
0.980 -154.8 -388.0
0.981 -155.0 -387.1
0.982 -154.8 -386.0
0.983 -154.6 -385.2
0.984 -154.1 -384.6
0.985 -154.2 -384.6
0.986 -153.9 -385.3
0.987 -153.7 -386.1
0.988 -153.5 -386.4
0.989 -153.5 -387.1
0.990 -153.2 -387.7
0.991 -152.9 -388.7
0.992 -153.1 -389.9
0.993 -152.8 -391.2
0.994 -152.8 -391.9
0.995 -153.0 -393.0
0.996 -153.3 -393.0
0.997 -153.4 -393.8
0.998 -153.8 -394.2
0.999 -154.0 -395.0
1.000 -153.9 -395.4
1.001 -154.5 -395.9
1.002 -154.8 -396.5
1.003 -155.8 -397.0
1.004 -156.0 -397.5
1.005 -156.2 -397.8
1.006 -155.7 -397.4
1.007 -155.9 -396.6
1.008 -155.3 -395.5
1.009 -155.1 -394.4
1.010 -154.5 -393.4
1.011 -154.7 -392.8
1.012 -154.4 -392.2
1.013 -154.6 -392.2
1.014 -154.2 -392.1
1.015 -154.2 -391.6
1.016 -154.3 -391.3
1.017 -154.3 -391.1
1.018 -154.3 -391.0
1.019 -154.3 -391.2
1.020 -154.2 -391.5
1.021 -154.2 -392.0
1.022 -153.8 -392.7
1.023 -153.7 -393.7
1.024 -153.7 -394.2
1.025 -153.7 -394.5
1.026 -153.6 -394.1
1.027 -154.1 -393.7
1.028 -153.8 -393.6
1.029 -154.0 -393.8
1.030 -154.0 -393.9
1.031 -153.8 -394.4
1.032 -153.7 -395.3
1.033 -154.1 -395.7
1.034 -154.4 -395.7
1.035 -154.3 -395.1
1.036 -154.7 -393.8
1.037 -155.1 -391.6
1.038 -155.3 -389.4
1.039 -155.1 -387.9
1.040 -154.8 -386.5
1.041 -154.6 -385.7
1.042 -154.0 -385.1
1.043 -153.4 -385.0
1.044 -152.9 -385.1
1.045 -152.6 -385.7
1.046 -152.5 -386.9
1.047 -152.3 -388.0
1.048 -152.4 -389.2
1.049 -152.2 -390.3
1.050 -152.4 -391.6
1.051 -152.5 -392.4
1.052 -153.1 -392.7
1.053 -153.5 -393.2
1.054 -153.6 -393.3
1.055 -153.9 -393.5
1.056 -154.9 -393.0
1.057 -155.2 -392.2
1.058 -156.1 -391.7
1.059 -156.1 -390.8
1.060 -156.2 -390.1
1.061 -156.7 -388.6
1.062 -156.4 -387.5
1.063 -155.9 -385.9
1.064 -155.6 -384.6
1.065 -155.1 -384.1
1.066 -154.4 -383.5
1.067 -154.1 -383.5
1.068 -154.2 -383.9
1.069 -153.9 -384.7
1.070 -153.8 -385.8
1.071 -153.9 -386.5
1.072 -153.4 -387.6
1.073 -153.1 -388.3
1.074 -153.1 -388.5
1.075 -153.2 -388.8
1.076 -153.0 -388.4
1.077 -153.1 -388.0
1.078 -152.5 -387.7
1.079 -152.9 -387.5
1.080 -152.8 -386.5
1.081 -152.8 -385.4
1.082 -152.9 -384.2
1.083 -152.9 -382.9
1.084 -152.9 -382.2
1.085 -153.1 -382.3
1.086 -153.0 -382.7
1.087 -153.3 -383.9
1.088 -153.4 -385.0
1.089 -153.9 -386.3
1.090 -153.7 -387.3
1.091 -154.1 -387.4
1.092 -153.9 -387.0
1.093 -154.6 -386.2
1.094 -154.6 -385.1
1.095 -155.3 -384.2
1.096 -154.8 -383.7
1.097 -154.6 -382.9
1.098 -154.3 -382.7
1.099 -153.9 -382.5
1.100 -153.2 -382.3
1.101 -152.5 -382.2
1.102 -152.4 -382.1
1.103 -152.0 -382.0
1.104 -151.7 -382.0
1.105 -151.9 -382.0
1.106 -152.2 -382.4
1.107 -152.3 -383.4
1.108 -152.8 -384.9
1.109 -153.2 -386.6
1.110 -153.6 -388.4
1.111 -154.2 -390.6
1.112 -154.4 -393.1
1.113 -154.5 -395.1
1.114 -154.9 -396.9
1.115 -155.1 -398.1
1.116 -155.2 -399.4
1.117 -155.1 -399.1
1.118 -155.0 -397.9
1.119 -154.7 -396.4
1.120 -154.2 -394.7
1.121 -153.9 -393.6
1.122 -153.6 -392.7
1.123 -153.0 -392.3
1.124 -153.2 -392.5
1.125 -152.5 -392.6
1.126 -152.5 -392.6
1.127 -152.4 -392.4
1.128 -152.9 -392.9
1.129 -152.6 -393.6
1.130 -152.4 -394.1
1.131 -152.9 -394.7
1.132 -153.3 -394.7
1.133 -153.0 -394.7
1.134 -153.0 -394.4
1.135 -153.0 -393.6
1.136 -153.2 -392.8
1.137 -153.3 -391.6
1.138 -153.3 -390.6
1.139 -153.2 -389.9
1.140 -153.1 -389.4
1.141 -153.1 -390.5
1.142 -153.4 -391.8
1.143 -153.1 -393.1
1.144 -153.2 -394.5
1.145 -153.6 -394.9
1.146 -154.1 -394.7
1.147 -154.2 -394.3
1.148 -154.4 -393.6
1.149 -154.9 -392.4
1.150 -155.0 -391.6
1.151 -155.4 -390.9
1.152 -155.5 -390.2
1.153 -155.0 -390.0
1.154 -154.4 -389.6
1.155 -153.8 -389.7
1.156 -152.9 -389.6
1.157 -152.8 -389.4
1.158 -152.5 -389.4
1.159 -152.6 -388.9
1.160 -152.5 -388.5
1.161 -152.5 -388.4
1.162 -152.3 -388.5
1.163 -152.6 -388.5
1.164 -152.6 -388.7
1.165 -153.3 -388.6
1.166 -153.5 -388.9
1.167 -153.7 -389.6
1.168 -153.9 -390.8
1.169 -154.5 -391.6
1.170 -154.7 -392.3
1.171 -154.6 -392.5
1.172 -154.9 -392.3
1.173 -154.8 -391.3
1.174 -154.5 -389.9
1.175 -153.9 -388.7
1.176 -153.6 -387.5
1.177 -152.7 -387.2
1.178 -153.0 -387.3
1.179 -152.6 -387.9
1.180 -152.5 -388.3
1.181 -152.7 -388.8
1.182 -152.5 -389.1
1.183 -152.8 -389.5
1.184 -152.6 -390.9
1.185 -152.8 -392.1
1.186 -152.4 -393.7
1.187 -152.5 -394.6
1.188 -152.8 -395.0
1.189 -153.3 -395.2
1.190 -153.2 -394.7
1.191 -153.4 -394.3
1.192 -153.0 -393.7
1.193 -152.8 -392.5
1.194 -152.2 -392.3
1.195 -152.1 -391.4
1.196 -152.0 -391.3
1.197 -151.7 -392.3
1.198 -151.6 -393.0
1.199 -151.9 -394.5
1.200 -152.2 -395.4
1.201 -152.5 -396.0
1.202 -152.9 -396.4
1.203 -153.2 -396.2
1.204 -153.6 -395.5
1.205 -154.2 -394.7
1.206 -154.5 -393.9
1.207 -154.2 -393.3
1.208 -154.2 -393.1
1.209 -154.2 -393.2
1.210 -153.7 -393.3
1.211 -153.1 -393.8
1.212 -152.5 -393.4
1.213 -152.9 -392.9
1.214 -153.0 -392.2
1.215 -153.6 -391.3
1.216 -153.3 -390.6
1.217 -153.5 -390.1
1.218 -153.4 -389.8
1.219 -153.3 -389.6
1.220 -153.5 -389.8
1.221 -153.6 -389.8
1.222 -154.1 -390.2
1.223 -154.5 -391.1
1.224 -155.5 -392.6
1.225 -155.5 -394.3
1.226 -155.8 -395.5
1.227 -155.3 -395.8
1.228 -155.5 -395.6
1.229 -155.3 -395.3
1.230 -154.7 -394.2
1.231 -154.0 -394.1
1.232 -153.6 -394.1
1.233 -153.1 -394.1
1.234 -152.4 -394.5
1.235 -152.3 -394.4
1.236 -152.1 -394.0
1.237 -151.7 -394.1
1.238 -151.6 -394.2
1.239 -151.4 -394.7
1.240 -151.3 -395.1
1.241 -151.7 -395.7
1.242 -152.0 -396.4
1.243 -152.2 -396.9
1.244 -152.7 -397.2
1.245 -152.7 -397.3
1.246 -153.1 -397.0
1.247 -152.6 -396.5
1.248 -152.4 -396.0
1.249 -152.2 -396.1
1.250 -151.7 -396.6
1.251 -151.2 -397.2
1.252 -151.2 -398.0
1.253 -151.0 -398.6
1.254 -151.3 -399.6
1.255 -151.2 -400.3
1.256 -151.2 -400.4
1.257 -151.7 -400.5
1.258 -152.0 -399.7
1.259 -152.2 -398.7
1.260 -152.5 -397.2
1.261 -152.7 -395.8
1.262 -152.9 -395.1
1.263 -153.3 -394.8
1.264 -153.4 -395.2
1.265 -153.6 -395.5
1.266 -153.6 -395.6
1.267 -153.4 -395.8
1.268 -153.4 -395.8
1.269 -152.8 -395.5
1.270 -152.7 -395.5
1.271 -152.8 -395.7
1.272 -152.4 -396.4
1.273 -152.4 -396.5
1.274 -152.8 -396.1
1.275 -152.8 -394.9
1.276 -152.9 -394.3
1.277 -153.2 -393.1
1.278 -153.2 -392.6
1.279 -153.5 -393.3
1.280 -153.8 -394.7
1.281 -154.2 -395.7
1.282 -154.1 -396.0
1.283 -154.5 -395.3
1.284 -154.8 -394.0
1.285 -154.7 -392.4
1.286 -154.2 -391.0
1.287 -154.2 -389.3
1.288 -153.4 -388.4
1.289 -153.7 -388.2
1.290 -152.8 -388.2
1.291 -152.3 -388.3
1.292 -151.5 -388.5
1.293 -151.2 -388.8
1.294 -150.8 -389.5
1.295 -150.6 -389.8
1.296 -150.3 -390.4
1.297 -151.2 -390.9
1.298 -151.3 -391.8
1.299 -151.8 -392.0
1.300 -152.2 -391.9
1.301 -152.2 -391.3
1.302 -152.3 -390.1
1.303 -152.3 -389.2
1.304 -151.7 -389.0
1.305 -151.4 -389.6
1.306 -150.4 -390.8
1.307 -150.5 -392.2
1.308 -150.9 -394.2
1.309 -150.6 -395.5
1.310 -151.2 -396.6
1.311 -151.3 -398.2
1.312 -151.4 -398.6
1.313 -151.5 -398.7
1.314 -151.8 -398.2
1.315 -151.9 -397.1
1.316 -152.2 -395.7
1.317 -152.5 -394.2
1.318 -152.6 -392.7
1.319 -152.7 -392.1
1.320 -152.9 -392.1
1.321 -153.4 -392.3
1.322 -153.1 -392.5
1.323 -153.0 -392.5
1.324 -152.8 -392.9
1.325 -153.1 -392.7
1.326 -152.8 -393.1
1.327 -152.6 -393.8
1.328 -152.8 -394.3
1.329 -152.4 -394.1
1.330 -152.2 -393.9
1.331 -152.0 -393.0
1.332 -152.0 -392.4
1.333 -152.3 -392.1
1.334 -152.2 -391.8
1.335 -152.7 -391.9
1.336 -152.8 -392.8
1.337 -153.2 -393.5
1.338 -153.5 -394.4
1.339 -153.4 -394.4
1.340 -153.8 -393.8
1.341 -153.6 -393.0
1.342 -153.3 -391.6
1.343 -153.0 -390.5
1.344 -152.8 -389.6
1.345 -152.2 -388.9
1.346 -151.6 -388.6
1.347 -151.5 -388.4
1.348 -150.6 -388.3
1.349 -150.0 -388.2
1.350 -150.0 -388.5
1.351 -150.1 -388.4
1.352 -150.3 -388.3
1.353 -150.8 -388.0
1.354 -151.7 -387.5
1.355 -152.3 -386.5
1.356 -152.3 -385.3
1.357 -152.5 -384.1
1.358 -151.6 -382.9
1.359 -151.0 -382.4
1.360 -151.1 -381.9
1.361 -151.0 -382.1
1.362 -150.9 -383.0
1.363 -150.9 -384.3
1.364 -150.6 -385.7
1.365 -150.6 -387.1
1.366 -150.2 -387.5
1.367 -150.3 -388.6
1.368 -150.8 -388.8
1.369 -150.9 -388.7
1.370 -151.2 -388.5
1.371 -151.5 -388.0
1.372 -151.2 -387.2
1.373 -150.9 -386.2
1.374 -150.9 -385.9
1.375 -151.1 -386.3
1.376 -151.5 -386.5
1.377 -151.5 -386.7
1.378 -151.9 -386.8
1.379 -152.2 -386.3
1.380 -152.3 -386.4
1.381 -152.4 -386.0
1.382 -152.3 -385.7
1.383 -152.6 -385.4
1.384 -152.5 -385.1
1.385 -152.5 -384.7
1.386 -153.0 -384.3
1.387 -152.8 -384.0
1.388 -152.8 -383.8
1.389 -153.4 -384.0
1.390 -153.4 -384.7
1.391 -153.6 -386.0
1.392 -153.8 -387.9
1.393 -153.5 -390.3
1.394 -153.4 -392.0
1.395 -153.3 -393.2
1.396 -152.7 -393.9
1.397 -152.4 -393.9
1.398 -152.3 -393.8
1.399 -152.1 -393.8
1.400 -151.3 -393.9
1.401 -151.0 -394.1
1.402 -150.5 -394.7
1.403 -150.2 -394.8
1.404 -150.2 -394.4
1.405 -149.4 -394.5
1.406 -150.0 -394.2
1.407 -149.9 -394.1
1.408 -150.5 -394.6
1.409 -151.2 -394.7
1.410 -151.7 -394.1
1.411 -152.0 -393.5
1.412 -152.1 -392.3
1.413 -151.5 -390.8
1.414 -151.5 -390.0
1.415 -151.1 -389.8
1.416 -151.1 -390.3
1.417 -150.8 -390.8
1.418 -151.2 -392.6
1.419 -151.4 -394.9
1.420 -151.7 -396.7
1.421 -151.6 -398.6
1.422 -151.7 -400.3
1.423 -151.6 -401.8
1.424 -151.6 -403.0
1.425 -151.5 -403.2
1.426 -151.2 -402.7
1.427 -151.3 -402.1
1.428 -151.4 -401.5
1.429 -151.7 -400.8
1.430 -151.5 -400.3
1.431 -151.7 -400.1
1.432 -151.5 -400.2
1.433 -151.8 -400.6
1.434 -151.9 -401.0
1.435 -152.0 -401.2
1.436 -152.0 -401.1
1.437 -152.5 -400.9
1.438 -152.5 -400.3
1.439 -152.9 -399.4
1.440 -153.1 -397.8
1.441 -153.0 -396.0
1.442 -153.1 -394.0
1.443 -153.3 -391.9
1.444 -153.3 -390.6
1.445 -153.2 -390.2
1.446 -153.2 -390.2
1.447 -153.3 -390.7
1.448 -152.8 -391.4
1.449 -153.4 -392.1
1.450 -153.7 -393.0
1.451 -152.7 -393.2
1.452 -152.5 -393.3
1.453 -151.9 -393.1
1.454 -151.8 -392.7
1.455 -151.4 -392.4
1.456 -151.0 -392.3
1.457 -150.7 -391.9
1.458 -150.8 -391.9
1.459 -150.5 -391.4
1.460 -150.5 -390.5
1.461 -150.8 -389.8
1.462 -151.3 -388.9
1.463 -151.7 -388.4
1.464 -152.0 -388.0
1.465 -151.8 -387.6
1.466 -151.9 -387.1
1.467 -152.2 -386.7
1.468 -152.2 -385.9
1.469 -151.9 -385.3
1.470 -151.9 -384.9
1.471 -151.7 -384.8
1.472 -151.4 -384.9
1.473 -151.6 -384.9
1.474 -151.7 -385.4
1.475 -151.7 -385.9
1.476 -152.1 -386.5
1.477 -152.2 -387.2
1.478 -152.0 -387.4
1.479 -151.1 -387.6
1.480 -151.7 -387.6
1.481 -151.7 -386.6
1.482 -151.5 -385.7
1.483 -151.4 -384.5
1.484 -151.9 -383.5
1.485 -151.5 -383.2
1.486 -151.4 -382.7
1.487 -151.7 -382.4
1.488 -151.8 -382.6
1.489 -150.9 -382.8
1.490 -152.0 -383.3
1.491 -152.5 -383.9
1.492 -152.9 -384.6
1.493 -153.0 -385.7
1.494 -153.4 -386.6
1.495 -153.5 -387.7
1.496 -153.2 -388.6
1.497 -153.1 -389.9
1.498 -152.5 -390.3
1.499 -152.7 -390.7
1.500 -152.8 -391.3
1.501 -153.0 -392.3
1.502 -153.1 -393.0
1.503 -153.0 -393.5
1.504 -153.3 -394.0
1.505 -153.7 -394.2
1.506 -153.1 -393.8
1.507 -152.5 -393.3
1.508 -152.1 -392.7
1.509 -151.4 -392.2
1.510 -151.6 -391.5
1.511 -151.1 -391.1
1.512 -150.8 -391.0
1.513 -150.6 -391.0
1.514 -150.4 -391.3
1.515 -150.1 -391.6
1.516 -150.3 -391.6
1.517 -150.6 -391.2
1.518 -151.1 -390.6
1.519 -151.2 -390.1
1.520 -151.7 -389.1
1.521 -152.2 -388.1
1.522 -152.3 -386.8
1.523 -152.0 -385.8
1.524 -151.6 -384.6
1.525 -151.1 -383.5
1.526 -151.1 -382.8
1.527 -150.6 -382.6
1.528 -150.5 -382.9
1.529 -151.6 -383.8
1.530 -151.2 -384.6
1.531 -151.1 -385.8
1.532 -150.8 -387.3
1.533 -150.9 -388.7
1.534 -151.1 -389.8
1.535 -151.1 -390.6
1.536 -150.8 -390.9
1.537 -150.5 -390.6
1.538 -150.4 -390.4
1.539 -149.6 -390.3
1.540 -150.3 -390.5
1.541 -150.2 -390.8
1.542 -150.5 -390.4
1.543 -150.6 -390.1
1.544 -150.7 -389.6
1.545 -150.9 -389.1
1.546 -150.9 -388.5
1.547 -151.0 -388.0
1.548 -151.3 -386.7
1.549 -152.1 -385.5
1.550 -151.9 -384.3
1.551 -151.7 -383.4
1.552 -152.1 -382.6
1.553 -151.7 -381.8
1.554 -151.8 -381.5
1.555 -152.0 -381.1
1.556 -151.9 -381.1
1.557 -152.2 -381.8
1.558 -152.6 -382.5
1.559 -153.1 -383.4
1.560 -152.7 -383.7
1.561 -152.8 -384.1
1.562 -152.6 -383.8
1.563 -152.2 -383.0
1.564 -151.9 -382.6
1.565 -151.6 -382.0
1.566 -151.0 -381.8
1.567 -150.9 -381.4
1.568 -150.9 -381.2
1.569 -150.5 -380.8
1.570 -150.9 -381.1
1.571 -150.9 -381.5
1.572 -151.2 -382.3
1.573 -151.4 -383.1
1.574 -151.5 -383.9
1.575 -151.7 -385.2
1.576 -151.7 -386.1
1.577 -151.9 -386.8
1.578 -151.8 -387.4
1.579 -151.8 -387.6
1.580 -152.1 -387.3
1.581 -151.8 -386.7
1.582 -151.6 -386.1
1.583 -151.7 -385.7
1.584 -151.8 -385.8
1.585 -152.0 -385.4
1.586 -152.2 -385.7
1.587 -152.6 -386.0
1.588 -152.8 -386.9
1.589 -152.8 -387.2
1.590 -152.2 -387.2
1.591 -152.0 -386.6
1.592 -152.2 -386.0
1.593 -151.7 -385.3
1.594 -151.5 -385.0
1.595 -151.3 -384.7
1.596 -151.0 -384.6
1.597 -150.8 -384.5
1.598 -150.3 -384.8
1.599 -150.8 -385.2
1.600 -151.1 -385.5
1.601 -151.8 -386.0
1.602 -152.5 -386.0
1.603 -152.7 -385.5
1.604 -153.2 -385.3
1.605 -152.7 -384.6
1.606 -152.7 -384.3
1.607 -152.3 -384.1
1.608 -152.3 -383.7
1.609 -152.1 -383.4
1.610 -152.2 -383.5
1.611 -152.2 -383.0
1.612 -152.3 -383.1
1.613 -152.7 -384.1
1.614 -152.8 -385.5
1.615 -153.0 -386.8
1.616 -152.7 -388.5
1.617 -152.5 -389.4
1.618 -152.2 -390.7
1.619 -151.8 -391.4
1.620 -151.3 -392.2
1.621 -151.0 -392.8
1.622 -151.1 -393.4
1.623 -151.2 -393.6
1.624 -151.7 -393.4
1.625 -151.6 -393.1
1.626 -151.4 -392.5
1.627 -151.5 -392.0
1.628 -151.7 -391.1
1.629 -151.8 -389.7
1.630 -151.0 -388.6
1.631 -150.8 -387.3
1.632 -150.5 -386.1
1.633 -151.0 -385.1
1.634 -150.7 -384.3
1.635 -150.6 -383.7
1.636 -150.8 -383.0
1.637 -151.0 -382.5
1.638 -151.2 -381.9
1.639 -151.4 -381.2
1.640 -151.8 -381.1
1.641 -151.9 -381.9
1.642 -152.4 -383.7
1.643 -152.6 -385.7
1.644 -152.8 -388.0
1.645 -152.5 -389.1
1.646 -152.7 -390.6
1.647 -152.4 -391.8
1.648 -152.1 -392.4
1.649 -151.8 -393.1
1.650 -151.1 -393.4
1.651 -151.1 -393.5
1.652 -151.0 -393.4
1.653 -151.1 -393.9
1.654 -150.8 -394.1
1.655 -151.4 -394.7
1.656 -151.3 -394.7
1.657 -151.9 -394.7
1.658 -152.2 -394.1
1.659 -152.8 -393.1
1.660 -153.1 -392.1
1.661 -153.4 -391.6
1.662 -153.7 -391.4
1.663 -153.5 -391.4
1.664 -153.4 -391.9
1.665 -153.6 -391.8
1.666 -153.9 -391.7
1.667 -153.7 -392.0
1.668 -153.5 -391.9
1.669 -153.2 -391.8
1.670 -153.0 -392.0
1.671 -153.0 -392.0
1.672 -152.2 -391.7
1.673 -151.9 -391.0
1.674 -151.7 -390.3
1.675 -151.0 -389.6
1.676 -151.1 -389.0
1.677 -151.1 -388.9
1.678 -150.8 -388.9
1.679 -150.9 -389.9
1.680 -151.0 -390.8
1.681 -151.2 -391.5
1.682 -151.4 -392.6
1.683 -151.8 -393.7
1.684 -151.9 -394.9
1.685 -151.7 -396.1
1.686 -151.8 -397.4
1.687 -151.4 -398.5
1.688 -151.6 -399.0
1.689 -151.1 -399.6
1.690 -151.4 -399.5
1.691 -151.1 -398.8
1.692 -151.1 -398.6
1.693 -151.1 -397.1
1.694 -151.1 -395.5
1.695 -151.2 -394.1
1.696 -151.4 -393.2
1.697 -151.6 -392.7
1.698 -152.0 -393.0
1.699 -152.2 -393.7
1.700 -152.8 -394.8
1.701 -152.8 -396.0
1.702 -152.8 -396.4
1.703 -152.4 -396.7
1.704 -152.2 -396.8
1.705 -152.0 -397.2
1.706 -151.8 -397.1
1.707 -151.6 -397.2
1.708 -151.6 -397.1
1.709 -151.9 -397.1
1.710 -152.2 -396.6
1.711 -152.2 -396.5
1.712 -152.9 -396.4
1.713 -153.1 -396.1
1.714 -153.2 -395.2
1.715 -153.8 -394.0
1.716 -153.7 -392.5
1.717 -154.2 -391.3
1.718 -154.2 -390.3
1.719 -154.2 -389.3
1.720 -154.0 -388.9
1.721 -153.8 -388.5
1.722 -153.4 -388.5
1.723 -153.4 -388.7
1.724 -153.6 -389.1
1.725 -153.4 -389.6
1.726 -152.8 -390.4
1.727 -152.3 -390.7
1.728 -151.8 -390.8
1.729 -151.5 -390.5
1.730 -151.2 -389.8
1.731 -150.8 -389.1
1.732 -150.6 -387.5
1.733 -150.4 -386.6
1.734 -150.3 -386.0
1.735 -149.9 -385.2
1.736 -150.1 -384.5
1.737 -150.5 -383.7
1.738 -150.4 -383.4
1.739 -150.3 -383.5
1.740 -150.1 -383.6
1.741 -150.3 -383.5
1.742 -150.4 -383.5
1.743 -150.4 -383.3
1.744 -151.2 -383.3
1.745 -151.5 -383.0
1.746 -152.0 -382.2
1.747 -152.3 -381.5
1.748 -151.8 -380.9
1.749 -151.7 -380.0
1.750 -150.6 -378.9
1.751 -150.9 -377.5
1.752 -150.9 -376.3
1.753 -151.2 -375.8
1.754 -151.5 -375.9
1.755 -151.7 -376.4
1.756 -152.0 -377.1
1.757 -152.2 -377.9
1.758 -152.5 -377.5
1.759 -152.2 -377.8
1.760 -152.1 -377.8
1.761 -151.8 -377.5
1.762 -151.9 -377.7
1.763 -151.6 -377.9
1.764 -151.4 -378.0
1.765 -151.6 -378.1
1.766 -151.6 -378.6
1.767 -152.6 -378.8
1.768 -152.8 -378.5
1.769 -153.2 -378.4
1.770 -153.6 -377.9
1.771 -154.2 -377.2
1.772 -154.3 -377.0
1.773 -154.4 -377.4
1.774 -154.0 -377.8
1.775 -154.1 -378.9
1.776 -153.9 -379.6
1.777 -154.1 -379.8
1.778 -153.8 -379.9
1.779 -153.2 -380.0
1.780 -152.6 -380.6
1.781 -151.9 -381.1
1.782 -151.5 -382.2
1.783 -150.8 -383.1
1.784 -150.3 -383.8
1.785 -149.7 -384.7
1.786 -149.5 -385.1
1.787 -149.6 -385.6
1.788 -149.6 -385.8
1.789 -149.4 -386.0
1.790 -149.8 -386.3
1.791 -150.0 -386.7
1.792 -149.9 -387.5
1.793 -149.9 -388.5
1.794 -150.2 -389.4
1.795 -150.7 -390.4
1.796 -150.7 -391.6
1.797 -150.5 -392.4
1.798 -150.6 -393.4
1.799 -150.8 -393.9
1.800 -150.5 -394.4
1.801 -151.0 -394.1
1.802 -150.8 -393.5
1.803 -150.7 -392.5
1.804 -150.4 -391.2
1.805 -150.8 -389.6
1.806 -150.8 -387.7
1.807 -150.8 -386.3
1.808 -150.9 -385.3
1.809 -151.0 -384.7
1.810 -151.2 -384.6
1.811 -151.1 -384.3
1.812 -151.3 -384.2
1.813 -151.4 -384.6
1.814 -151.1 -385.1
1.815 -150.9 -385.5
1.816 -151.1 -386.2
1.817 -151.0 -387.1
1.818 -150.2 -387.9
1.819 -150.9 -388.6
1.820 -151.2 -389.6
1.821 -151.4 -390.2
1.822 -151.7 -390.8
1.823 -152.6 -390.8
1.824 -153.2 -390.4
1.825 -153.7 -390.0
1.826 -153.3 -389.7
1.827 -153.1 -389.7
1.828 -153.3 -389.6
1.829 -153.5 -389.9
1.830 -153.4 -390.2
1.831 -152.9 -390.9
1.832 -152.7 -391.1
1.833 -152.5 -391.4
1.834 -152.1 -391.8
1.835 -151.8 -391.8
1.836 -151.5 -391.4
1.837 -151.0 -390.2
1.838 -150.6 -389.7
1.839 -150.1 -389.4
1.840 -149.5 -388.9
1.841 -148.7 -388.6
1.842 -148.7 -387.9
1.843 -148.5 -387.0
1.844 -148.1 -385.7
1.845 -148.6 -384.3
1.846 -148.7 -382.9
1.847 -149.2 -381.8
1.848 -150.0 -381.1
1.849 -150.4 -380.7
1.850 -150.1 -380.2
1.851 -150.1 -380.5
1.852 -150.4 -381.4
1.853 -150.7 -382.4
1.854 -150.6 -383.6
1.855 -150.6 -384.9
1.856 -150.4 -385.9
1.857 -150.3 -387.1
1.858 -150.2 -388.0
1.859 -150.1 -388.8
1.860 -150.0 -389.4
1.861 -149.9 -389.3
1.862 -150.2 -388.9
1.863 -150.6 -387.5
1.864 -150.8 -386.0
1.865 -151.1 -384.1
1.866 -151.2 -382.3
1.867 -151.1 -381.0
1.868 -151.3 -379.8
1.869 -151.1 -379.0
1.870 -151.1 -378.4
1.871 -150.6 -378.1
1.872 -150.8 -377.9
1.873 -150.6 -378.1
1.874 -150.9 -378.4
1.875 -151.1 -379.4
1.876 -151.5 -379.9
1.877 -151.7 -380.5
1.878 -151.9 -381.0
1.879 -151.9 -381.0
1.880 -152.0 -380.8
1.881 -152.0 -380.5
1.882 -152.1 -380.2
1.883 -151.8 -380.3
1.884 -151.5 -380.7
1.885 -151.5 -381.1
1.886 -151.5 -381.9
1.887 -151.9 -383.1
1.888 -151.5 -383.9
1.889 -151.4 -385.2
1.890 -151.4 -386.1
1.891 -151.2 -386.8
1.892 -151.0 -387.6
1.893 -150.6 -388.2
1.894 -150.4 -388.8
1.895 -149.7 -389.6
1.896 -149.4 -390.2
1.897 -148.9 -390.3
1.898 -148.9 -389.9
1.899 -148.9 -389.1
1.900 -149.0 -388.5
1.901 -149.2 -387.4
1.902 -149.0 -386.8
1.903 -149.4 -386.2
1.904 -149.2 -385.3
1.905 -149.7 -384.3
1.906 -150.3 -383.1
1.907 -150.3 -382.0
1.908 -150.9 -381.7
1.909 -150.6 -381.5
1.910 -150.7 -381.8
1.911 -150.2 -382.0
1.912 -150.2 -382.3
1.913 -150.1 -382.9
1.914 -149.7 -383.4
1.915 -149.8 -384.9
1.916 -149.6 -385.6
1.917 -150.1 -386.0
1.918 -150.6 -385.9
1.919 -151.0 -385.0
1.920 -151.3 -384.1
1.921 -151.6 -383.2
1.922 -151.9 -382.3
1.923 -151.9 -381.7
1.924 -152.0 -381.1
1.925 -152.2 -381.0
1.926 -151.7 -381.1
1.927 -152.0 -381.0
1.928 -152.0 -381.1
1.929 -152.3 -381.3
1.930 -152.4 -381.5
1.931 -152.5 -381.7
1.932 -152.8 -381.8
1.933 -153.0 -381.8
1.934 -153.2 -382.1
1.935 -153.3 -382.5
1.936 -153.0 -382.7
1.937 -153.1 -383.0
1.938 -152.8 -383.6
1.939 -152.5 -384.1
1.940 -152.2 -384.5
1.941 -152.1 -385.0
1.942 -152.0 -385.8
1.943 -152.1 -386.2
1.944 -151.7 -386.7
1.945 -151.8 -387.2
1.946 -151.3 -388.0
1.947 -151.1 -388.8
1.948 -150.5 -389.6
1.949 -150.3 -390.8
1.950 -149.6 -391.9
1.951 -149.4 -393.2
1.952 -149.3 -394.0
1.953 -149.1 -394.2
1.954 -149.0 -394.4
1.955 -148.9 -394.6
1.956 -148.5 -394.3
1.957 -149.2 -393.6
1.958 -148.7 -393.2
1.959 -148.8 -392.8
1.960 -149.3 -392.6
1.961 -149.7 -392.1
1.962 -149.8 -391.4
1.963 -149.8 -390.9
1.964 -149.9 -389.9
1.965 -149.4 -389.2
1.966 -149.8 -388.6
1.967 -149.3 -388.5
1.968 -149.7 -389.2
1.969 -150.0 -390.5
1.970 -150.3 -392.2
1.971 -150.6 -394.0
1.972 -150.5 -395.3
1.973 -150.6 -396.1
1.974 -150.7 -396.4
1.975 -150.8 -395.6
1.976 -151.1 -394.2
1.977 -151.3 -393.0
1.978 -151.6 -391.8
1.979 -151.4 -390.6
1.980 -151.4 -390.6
1.981 -151.6 -390.6
1.982 -151.4 -391.3
1.983 -151.2 -392.1
1.984 -151.7 -392.6
1.985 -152.1 -393.1
1.986 -152.9 -393.2
1.987 -153.4 -393.0
1.988 -153.4 -392.5
1.989 -153.2 -391.9
1.990 -153.1 -391.4
1.991 -152.9 -391.3
1.992 -152.7 -390.7
1.993 -152.8 -390.9
1.994 -152.3 -390.3
1.995 -152.1 -390.2
1.996 -152.2 -390.2
1.997 -151.9 -389.4
1.998 -151.9 -388.4
1.999 -151.8 -387.2
2.000 -151.8 -385.9
2.001 -151.4 -385.1
2.002 -150.8 -384.2
2.003 -150.4 -383.3
2.004 -150.0 -382.8
2.005 -149.5 -382.6
2.006 -149.3 -382.7
2.007 -149.1 -382.7
2.008 -148.9 -383.3
2.009 -148.9 -383.7
2.010 -148.9 -383.2
2.011 -148.9 -382.8
2.012 -149.1 -382.3
2.013 -149.0 -381.4
2.014 -149.4 -380.9
2.015 -149.6 -380.5
2.016 -150.0 -380.7
2.017 -150.0 -381.3
2.018 -150.1 -381.3
2.019 -150.2 -381.3
2.020 -150.1 -381.1
2.021 -149.7 -380.6
2.022 -149.8 -380.9
2.023 -149.7 -381.9
2.024 -150.1 -383.6
2.025 -149.9 -386.1
2.026 -149.7 -389.0
2.027 -149.9 -391.5
2.028 -149.8 -393.3
2.029 -150.3 -394.5
2.030 -150.3 -394.5
2.031 -150.7 -394.1
2.032 -150.9 -393.1
2.033 -151.0 -392.1
2.034 -151.6 -391.6
2.035 -152.2 -390.6
2.036 -152.0 -389.4
2.037 -152.3 -388.4
2.038 -152.5 -387.7
2.039 -152.4 -387.2
2.040 -152.1 -387.2
2.041 -152.3 -387.1
2.042 -153.0 -387.2
2.043 -153.5 -387.3
2.044 -153.6 -386.8
2.045 -153.7 -386.3
2.046 -153.4 -385.7
2.047 -153.4 -385.4
2.048 -153.0 -385.5
2.049 -153.1 -385.4
2.050 -152.4 -386.1
2.051 -152.2 -386.8
2.052 -151.8 -387.6
2.053 -151.5 -387.9
2.054 -151.4 -388.2
2.055 -151.1 -388.5
2.056 -151.1 -388.1
2.057 -150.8 -387.9
2.058 -150.6 -387.6
2.059 -149.8 -387.7
2.060 -149.0 -388.5
2.061 -148.7 -389.1
2.062 -148.4 -389.6
2.063 -148.1 -390.2
2.064 -148.3 -390.4
2.065 -148.6 -390.6
2.066 -148.8 -390.2
2.067 -148.9 -390.3
2.068 -149.3 -390.1
2.069 -149.4 -389.9
2.070 -149.7 -389.5
2.071 -149.5 -388.8
2.072 -150.1 -388.2
2.073 -150.3 -387.7
2.074 -150.0 -386.9
2.075 -149.7 -386.1
2.076 -149.8 -385.0
2.077 -149.9 -384.4
2.078 -149.9 -383.9
2.079 -150.2 -384.2
2.080 -150.2 -385.4
2.081 -150.3 -387.6
2.082 -149.8 -389.9
2.083 -149.7 -392.5
2.084 -149.2 -394.6
2.085 -149.2 -394.5
2.086 -149.3 -395.3
2.087 -149.8 -393.9
2.088 -150.3 -392.3
2.089 -150.9 -390.9
2.090 -151.7 -389.5
2.091 -151.5 -387.9
2.092 -151.6 -386.2
2.093 -151.5 -384.9
2.094 -151.7 -384.8
2.095 -151.7 -385.0
2.096 -151.6 -386.0
2.097 -151.7 -386.8
2.098 -152.0 -387.7
2.099 -151.9 -388.1
2.100 -151.9 -388.8
2.101 -152.2 -388.9
2.102 -152.3 -389.4
2.103 -152.2 -389.7
2.104 -152.0 -389.9
2.105 -152.2 -389.9
2.106 -151.9 -390.1
2.107 -151.2 -390.8
2.108 -151.5 -391.9
2.109 -151.1 -392.7
2.110 -151.1 -393.4
2.111 -151.1 -393.3
2.112 -150.7 -393.1
2.113 -150.4 -392.4
2.114 -150.5 -392.2
2.115 -150.1 -391.8
2.116 -149.8 -391.9
2.117 -149.5 -392.2
2.118 -148.9 -392.6
2.119 -148.7 -393.7
2.120 -148.7 -394.4
2.121 -148.9 -395.3
2.122 -149.1 -396.1
2.123 -149.3 -397.0
2.124 -149.8 -397.9
2.125 -150.0 -398.7
2.126 -150.6 -399.9
2.127 -150.4 -400.6
2.128 -150.6 -400.7
2.129 -150.6 -400.9
2.130 -150.0 -400.1
2.131 -149.7 -399.5
2.132 -149.2 -398.9
2.133 -149.5 -398.1
2.134 -149.2 -397.6
2.135 -149.3 -397.6
2.136 -149.1 -398.2
2.137 -149.2 -399.9
2.138 -149.1 -401.6
2.139 -149.1 -403.3
2.140 -149.1 -404.2
2.141 -149.4 -404.3
2.142 -150.0 -403.8
2.143 -150.2 -403.4
2.144 -150.6 -402.9
2.145 -150.8 -402.4
2.146 -150.7 -401.3
2.147 -150.8 -400.1
2.148 -150.3 -398.3
2.149 -149.7 -396.7
2.150 -149.5 -395.3
2.151 -149.4 -394.5
2.152 -149.8 -394.4
2.153 -150.3 -394.2
2.154 -150.5 -394.1
2.155 -150.8 -393.8
2.156 -151.0 -393.1
2.157 -151.2 -392.8
2.158 -151.2 -392.7
2.159 -151.8 -392.6
2.160 -152.0 -392.7
2.161 -152.0 -393.2
2.162 -152.0 -393.6
2.163 -151.4 -394.2
2.164 -151.0 -394.7
2.165 -151.0 -394.7
2.166 -150.4 -394.3
2.167 -150.3 -394.1
2.168 -150.8 -393.9
2.169 -150.3 -394.1
2.170 -150.1 -394.2
2.171 -150.3 -394.2
2.172 -149.9 -394.6
2.173 -149.8 -394.8
2.174 -150.0 -395.2
2.175 -150.0 -395.3
2.176 -149.7 -395.2
2.177 -150.0 -394.7
2.178 -149.8 -393.7
2.179 -149.8 -392.8
2.180 -150.8 -391.7
2.181 -151.1 -391.2
2.182 -151.2 -390.7
2.183 -151.1 -390.0
2.184 -150.6 -390.0
2.185 -150.6 -389.9
2.186 -150.3 -390.1
2.187 -150.1 -390.6
2.188 -149.6 -391.1
2.189 -149.7 -391.4
2.190 -149.5 -392.8
2.191 -149.5 -393.9
2.192 -149.3 -395.7
2.193 -149.2 -397.8
2.194 -149.5 -399.9
2.195 -149.1 -401.9
2.196 -149.2 -403.2
2.197 -149.2 -404.0
2.198 -149.3 -404.3
2.199 -150.0 -404.2
2.200 -150.1 -403.5
2.201 -150.1 -402.8
2.202 -150.2 -401.4
2.203 -149.7 -399.8
2.204 -149.7 -398.3
2.205 -149.8 -397.1
2.206 -149.2 -396.2
2.207 -149.4 -396.2
2.208 -149.2 -396.5
2.209 -149.4 -396.7
2.210 -149.3 -396.8
2.211 -149.6 -396.3
2.212 -150.1 -395.2
2.213 -150.8 -394.0
2.214 -150.6 -392.7
2.215 -151.1 -391.9
2.216 -151.2 -392.2
2.217 -151.2 -392.1
2.218 -151.2 -391.8
2.219 -150.8 -391.7
2.220 -150.2 -391.0
2.221 -150.0 -390.2
2.222 -149.5 -389.7
2.223 -149.4 -388.8
2.224 -149.3 -388.0
2.225 -149.1 -387.3
2.226 -148.7 -386.6
2.227 -149.2 -386.0
2.228 -149.1 -385.8
2.229 -149.5 -385.7
2.230 -150.1 -385.8
2.231 -150.3 -385.8
2.232 -150.5 -385.7
2.233 -151.1 -385.6
2.234 -151.3 -385.1
2.235 -151.8 -384.3
2.236 -151.9 -383.4
2.237 -151.9 -382.4
2.238 -151.9 -381.6
2.239 -151.8 -380.7
2.240 -151.4 -379.5
2.241 -151.1 -378.7
2.242 -150.7 -377.9
2.243 -150.8 -377.3
2.244 -150.5 -377.3
2.245 -150.4 -377.3
2.246 -150.1 -377.9
2.247 -150.0 -378.6
2.248 -149.5 -379.2
2.249 -149.3 -380.2
2.250 -149.4 -381.7
2.251 -149.6 -383.1
2.252 -149.4 -384.2
2.253 -149.8 -385.4
2.254 -150.2 -386.6
2.255 -150.4 -387.6
2.256 -150.3 -388.8
2.257 -150.1 -389.1
2.258 -150.1 -388.7
2.259 -149.7 -388.2
2.260 -149.3 -387.1
2.261 -148.9 -385.9
2.262 -148.8 -384.8
2.263 -148.8 -384.6
2.264 -149.0 -384.7
2.265 -149.0 -385.1
2.266 -149.2 -386.0
2.267 -149.1 -386.9
2.268 -149.4 -387.2
2.269 -149.5 -387.5
2.270 -149.7 -388.0
2.271 -150.1 -388.9
2.272 -150.4 -390.3
2.273 -150.8 -391.4
2.274 -150.6 -392.0
2.275 -150.4 -392.7
2.276 -150.4 -393.0
2.277 -150.4 -393.3
2.278 -150.4 -393.5
2.279 -150.4 -393.2
2.280 -150.6 -393.1
2.281 -150.3 -392.8
2.282 -149.8 -393.1
2.283 -150.0 -392.4
2.284 -149.6 -392.6
2.285 -150.0 -393.0
2.286 -150.2 -393.4
2.287 -150.8 -393.9
2.288 -151.1 -393.8
2.289 -151.8 -393.5
2.290 -152.3 -393.3
2.291 -152.3 -393.2
2.292 -152.4 -393.1
2.293 -152.2 -393.1
2.294 -151.6 -392.7
2.295 -151.1 -391.9
2.296 -150.5 -391.3
2.297 -150.5 -390.9
2.298 -150.3 -390.6
2.299 -150.2 -390.7
2.300 -149.9 -390.8
2.301 -149.8 -391.1
2.302 -149.2 -392.0
2.303 -149.2 -392.0
2.304 -148.9 -392.2
2.305 -149.2 -392.3
2.306 -149.4 -392.1
2.307 -149.6 -392.0
2.308 -149.6 -391.7
2.309 -149.9 -390.9
2.310 -150.0 -391.3
2.311 -150.0 -391.7
2.312 -150.1 -392.7
2.313 -150.1 -394.0
2.314 -149.7 -394.8
2.315 -149.6 -395.3
2.316 -149.3 -395.5
2.317 -149.1 -395.4
2.318 -149.0 -395.2
2.319 -149.0 -395.0
2.320 -149.2 -395.7
2.321 -149.2 -395.8
2.322 -149.6 -395.6
2.323 -149.6 -395.6
2.324 -150.1 -394.9
2.325 -150.2 -393.8
2.326 -150.4 -393.0
2.327 -150.8 -392.4
2.328 -150.9 -391.6
2.329 -151.1 -391.2
2.330 -151.5 -390.7
2.331 -151.5 -390.0
2.332 -151.6 -389.3
2.333 -151.8 -388.5
2.334 -151.7 -388.1
2.335 -151.4 -388.0
2.336 -150.9 -388.2
2.337 -150.2 -388.6
2.338 -150.0 -389.6
2.339 -150.0 -390.7
2.340 -150.0 -392.0
2.341 -150.3 -393.2
2.342 -151.0 -393.7
2.343 -151.4 -394.0
2.344 -152.1 -394.1
2.345 -152.6 -394.1
2.346 -152.5 -394.3
2.347 -152.2 -394.2
2.348 -152.5 -394.0
2.349 -152.5 -393.6
2.350 -152.5 -392.9
2.351 -151.9 -391.9
2.352 -151.8 -390.8
2.353 -151.3 -390.1
2.354 -150.8 -389.9
2.355 -150.4 -389.8
2.356 -150.1 -389.9
2.357 -149.9 -390.3
2.358 -149.7 -390.5
2.359 -149.3 -390.5
2.360 -149.3 -390.8
2.361 -149.2 -390.8
2.362 -149.3 -391.0
2.363 -149.2 -391.4
2.364 -149.2 -391.1
2.365 -149.0 -390.8
2.366 -149.5 -390.2
2.367 -149.9 -389.9
2.368 -150.4 -390.0
2.369 -150.6 -390.1
2.370 -150.6 -390.3
2.371 -151.3 -390.3
2.372 -151.4 -390.2
2.373 -151.4 -389.1
2.374 -151.3 -388.2
2.375 -151.4 -388.1
2.376 -151.3 -388.4
2.377 -151.1 -389.4
2.378 -151.2 -390.5
2.379 -151.4 -391.3
2.380 -151.4 -391.7
2.381 -151.7 -392.2
2.382 -151.9 -392.1
2.383 -151.8 -392.2
2.384 -152.0 -392.4
2.385 -152.5 -392.2
2.386 -152.3 -391.7
2.387 -152.5 -391.6
2.388 -152.4 -390.8
2.389 -152.2 -390.3
2.390 -152.4 -389.2
2.391 -151.7 -388.2
2.392 -151.4 -387.7
2.393 -150.8 -387.2
2.394 -150.7 -387.3
2.395 -150.3 -388.0
2.396 -150.3 -388.7
2.397 -150.6 -389.4
2.398 -150.7 -390.0
2.399 -151.7 -390.6
2.400 -152.4 -390.8
2.401 -152.0 -390.8
2.402 -153.1 -391.1
2.403 -152.7 -391.3
2.404 -152.6 -392.0
2.405 -152.3 -392.6
2.406 -151.5 -392.7
2.407 -151.6 -392.7
2.408 -150.8 -392.1
2.409 -150.6 -391.2
2.410 -150.0 -390.3
2.411 -149.5 -389.4
2.412 -148.9 -388.9
2.413 -148.9 -388.6
2.414 -148.5 -388.2
2.415 -148.5 -388.1
2.416 -148.7 -387.4
2.417 -148.7 -386.6
2.418 -149.0 -385.9
2.419 -149.4 -385.4
2.420 -149.5 -384.9
2.421 -149.8 -384.1
2.422 -149.9 -383.3
2.423 -150.1 -382.7
2.424 -149.7 -382.1
2.425 -149.8 -381.6
2.426 -150.2 -381.2
2.427 -150.2 -381.1
2.428 -150.6 -380.8
2.429 -150.6 -380.4
2.430 -150.6 -379.9
2.431 -150.9 -380.4
2.432 -150.7 -381.1
2.433 -150.8 -382.0
2.434 -150.8 -383.2
2.435 -150.7 -383.9
2.436 -151.1 -384.5
2.437 -151.1 -385.3
2.438 -150.9 -386.0
2.439 -151.2 -386.8
2.440 -151.5 -387.4
2.441 -151.6 -388.0
2.442 -151.7 -388.2
2.443 -151.9 -388.4
2.444 -151.8 -387.8
2.445 -152.2 -387.1
2.446 -152.0 -386.8
2.447 -151.8 -386.4
2.448 -151.7 -385.4
2.449 -151.4 -384.7
2.450 -150.5 -384.0
2.451 -150.9 -383.1
2.452 -150.6 -382.5
2.453 -150.8 -382.0
2.454 -151.8 -382.0
2.455 -152.6 -381.6
2.456 -152.7 -381.2
2.457 -152.8 -380.5
2.458 -152.5 -380.2
2.459 -152.0 -380.6
2.460 -151.8 -381.1
2.461 -151.1 -382.0
2.462 -150.6 -382.7
2.463 -149.9 -383.0
2.464 -149.6 -382.2
2.465 -149.4 -381.6
2.466 -149.3 -380.3
2.467 -149.0 -379.1
2.468 -148.6 -377.8
2.469 -148.6 -377.5
2.470 -148.9 -377.4
2.471 -148.8 -377.8
2.472 -149.4 -378.5
2.473 -149.3 -379.4
2.474 -149.7 -380.2
2.475 -149.7 -381.4
2.476 -149.5 -382.9
2.477 -149.4 -384.2
2.478 -150.3 -385.2
2.479 -150.3 -386.1
2.480 -150.6 -386.0
2.481 -150.5 -385.0
2.482 -150.8 -383.3
2.483 -150.8 -381.5
2.484 -151.0 -380.2
2.485 -150.8 -379.3
2.486 -150.5 -379.0
2.487 -150.8 -378.7
2.488 -151.0 -378.6
2.489 -151.2 -378.7
2.490 -151.4 -378.7
2.491 -151.4 -378.2
2.492 -151.4 -378.2
2.493 -151.4 -378.4
2.494 -151.1 -378.7
2.495 -151.3 -379.2
2.496 -151.6 -379.7
2.497 -151.8 -380.2
2.498 -152.1 -380.7
2.499 -152.3 -381.5
2.500 -152.3 -382.4
